 	 22594 	 22594
 	 2668 	 2668
 	 2496 	 2496
 	 2242 	 2242
 	 2128 	 2128
 	 844 	 844
 	 945 	 945
 	 563 	 563
 	 1971 	 1971
 	 1290 	 1290
 	 1760 	 1760
 	 762 	 762
 	 741 	 741
 	 229 	 229
 	 1406 	 1406
 	 809 	 809
 	 3034 	 3034
 	 1497 	 1497
 	 1182 	 1182
 	 2044 	 2044
 	 945 	 945
 	 394 	 394
 	 535 	 535
 	 383 	 383
 	 1192 	 1192
 	 183 	 183
 	 349 	 349
 	 326 	 326
 	 268 	 268
 	 688 	 688
 	 297 	 297
 	 381 	 381
 	 82 	 82
 	 22594 	 22594
 	 2668 	 2668
 	 2496 	 2496
 	 2242 	 2242
 	 2128 	 2128
 	 844 	 844
 	 945 	 945
 	 563 	 563
 	 1971 	 1971
 	 1290 	 1290
 	 1760 	 1760
 	 762 	 762
 	 741 	 741
 	 229 	 229
 	 1406 	 1406
 	 809 	 809
 	 3034 	 3034
 	 1497 	 1497
 	 1182 	 1182
 	 2044 	 2044
 	 945 	 945
 	 394 	 394
 	 535 	 535
 	 383 	 383
 	 1192 	 1192
 	 183 	 183
 	 349 	 349
 	 326 	 326
 	 268 	 268
 	 688 	 688
 	 297 	 297
 	 381 	 381
 	 82 	 82
